	 node	 mean	 sd	 MC error	2.5%	median	97.5%	start	sample
	mu[1]	0.9906	0.01817	2.831E-4	0.9544	0.9907	1.026	30000	20001
	mu[2]	0.9984	0.02999	4.677E-4	0.9384	0.9988	1.056	30000	20001
	mu[3]	0.9368	0.02079	3.026E-4	0.8971	0.9365	0.9781	30000	20001
	mu[4]	0.9917	0.02598	4.298E-4	0.9419	0.9918	1.043	30000	20001
	mu[5]	0.9728	0.0264	4.356E-4	0.9218	0.9725	1.024	30000	20001
	mu[6]	1.027	0.02269	3.188E-4	0.9822	1.027	1.071	30000	20001
	mu[7]	1.001	0.02736	4.335E-4	0.9474	1.001	1.056	30000	20001
	mu[8]	0.977	0.02839	4.607E-4	0.9225	0.9768	1.033	30000	20001
	mu[9]	1.011	0.0338	6.126E-4	0.947	1.01	1.08	30000	20001
	mu[10]	1.065	0.06126	0.001227	0.9452	1.064	1.187	30000	20001
	mu[11]	1.134	0.07166	0.001562	1.002	1.131	1.283	30000	20001
	mu[12]	1.104	0.07289	0.001669	0.9658	1.101	1.257	30000	20001
	mu[13]	1.232	0.08873	0.002055	1.063	1.229	1.411	30000	20001
	mu[14]	1.387	0.09421	0.002451	1.209	1.383	1.579	30000	20001
	mu[15]	1.592	0.1125	0.002284	1.384	1.589	1.83	30000	20001
	mu[16]	1.653	0.1015	0.002034	1.46	1.65	1.864	30000	20001
	mu[17]	1.796	0.1127	0.002305	1.583	1.795	2.022	30000	20001
	mu[18]	2.011	0.06991	0.001163	1.87	2.013	2.146	30000	20001
	mu[19]	2.171	0.04465	7.075E-4	2.084	2.17	2.26	30000	20001
	mu[20]	2.485	0.03839	5.275E-4	2.409	2.485	2.559	30000	20001
	mu[21]	2.895	0.04244	5.114E-4	2.81	2.895	2.978	30000	20001
	mu[22]	3.225	0.0445	6.912E-4	3.139	3.225	3.313	30000	20001
	mu[23]	3.529	0.03892	5.254E-4	3.452	3.528	3.607	30000	20001
	mu[24]	3.859	0.04681	6.921E-4	3.767	3.859	3.952	30000	20001
	mu[25]	4.125	0.04439	6.169E-4	4.038	4.125	4.212	30000	20001
	mu[26]	4.333	0.04578	6.843E-4	4.242	4.332	4.424	30000	20001
	mu[27]	4.599	0.05122	6.795E-4	4.497	4.6	4.701	30000	20001
	mu[28]	4.702	0.05121	7.084E-4	4.601	4.701	4.803	30000	20001
	mu[29]	4.839	0.05186	7.428E-4	4.737	4.838	4.942	30000	20001
	mu[30]	4.887	0.05789	7.594E-4	4.774	4.886	5.002	30000	20001
	mu[31]	4.985	0.05356	7.589E-4	4.881	4.985	5.09	30000	20001
	mu[32]	4.988	0.05394	6.747E-4	4.883	4.988	5.096	30000	20001
	mu[33]	4.952	0.05326	7.324E-4	4.847	4.952	5.056	30000	20001
	mu[34]	4.898	0.0551	7.726E-4	4.79	4.897	5.008	30000	20001
	mu[35]	4.876	0.0531	6.928E-4	4.769	4.876	4.981	30000	20001
	mu[36]	4.74	0.05095	6.514E-4	4.64	4.739	4.841	30000	20001
	mu[37]	4.559	0.05247	7.064E-4	4.457	4.559	4.663	30000	20001
	mu[38]	4.34	0.04907	6.726E-4	4.244	4.34	4.44	30000	20001
	mu[39]	4.14	0.04367	5.901E-4	4.052	4.14	4.226	30000	20001
	mu[40]	3.858	0.04668	6.602E-4	3.765	3.858	3.949	30000	20001
	mu[41]	3.575	0.04387	6.504E-4	3.489	3.574	3.662	30000	20001
	mu[42]	3.199	0.03861	5.653E-4	3.123	3.199	3.276	30000	20001
	mu[43]	2.805	0.03626	5.118E-4	2.733	2.805	2.876	30000	20001
	mu[44]	2.453	0.03779	6.188E-4	2.379	2.452	2.527	30000	20001
	mu[45]	2.2	0.04494	6.889E-4	2.111	2.201	2.289	30000	20001
	mu[46]	1.912	0.07245	0.001321	1.765	1.912	2.058	30000	20001
	mu[47]	1.658	0.08841	0.001748	1.489	1.657	1.833	30000	20001
	mu[48]	1.563	0.09433	0.002045	1.387	1.559	1.759	30000	20001
	mu[49]	1.453	0.0973	0.002241	1.268	1.45	1.652	30000	20001
	mu[50]	1.23	0.07659	0.001767	1.084	1.228	1.386	30000	20001
	mu[51]	1.111	0.07388	0.001697	0.9752	1.11	1.261	30000	20001
	mu[52]	1.06	0.06819	0.00143	0.9289	1.058	1.197	30000	20001
	mu[53]	1.05	0.06475	0.001297	0.9293	1.048	1.182	30000	20001
	mu[54]	1.049	0.05821	0.001088	0.9399	1.049	1.167	30000	20001
	mu[55]	0.9882	0.03498	6.137E-4	0.9206	0.9881	1.058	30000	20001
	mu[56]	1.038	0.02611	4.015E-4	0.9861	1.039	1.089	30000	20001
	mu[57]	0.9803	0.02741	4.643E-4	0.9271	0.9798	1.036	30000	20001
	mu[58]	0.9892	0.02816	5.127E-4	0.9332	0.9889	1.045	30000	20001
	mu[59]	1.001	0.02848	5.099E-4	0.9451	1.002	1.057	30000	20001
	mu[60]	1.012	0.03185	4.817E-4	0.9491	1.012	1.075	30000	20001
	mu[61]	1.021	0.02949	4.553E-4	0.9637	1.021	1.079	30000	20001
	mu[62]	0.9942	0.02413	3.965E-4	0.9474	0.9943	1.041	30000	20001
	mu[63]	1.001	0.0249	4.312E-4	0.9526	1.001	1.051	30000	20001
	mu[64]	0.9927	0.08179	6.434E-4	0.8413	0.9895	1.162	30000	20001
	mu[65]	0.9819	0.0588	5.325E-4	0.8731	0.9802	1.102	30000	20001
	mu[66]	0.9785	0.0576	5.443E-4	0.8692	0.9769	1.095	30000	20001
	mu[67]	0.9845	0.05794	4.97E-4	0.8742	0.9831	1.103	30000	20001
	mu[68]	0.9986	0.06443	5.76E-4	0.8778	0.9965	1.129	30000	20001
	mu[69]	1.003	0.06517	5.757E-4	0.8812	0.9999	1.136	30000	20001
	mu[70]	1.005	0.06406	5.836E-4	0.8854	1.003	1.138	30000	20001
	mu[71]	2.717	0.1709	0.001411	2.4	2.71	3.072	30000	20001
	mu[72]	2.935	0.1882	0.001574	2.584	2.929	3.329	30000	20001
	mu[73]	3.436	0.2214	0.001826	3.025	3.427	3.893	30000	20001
	mu[74]	3.697	0.2669	0.002175	3.203	3.686	4.251	30000	20001
	mu[75]	3.969	0.291	0.002498	3.425	3.961	4.57	30000	20001
	mu[76]	4.2	0.3053	0.002662	3.631	4.189	4.829	30000	20001
	mu[77]	4.363	0.2786	0.002195	3.841	4.357	4.932	30000	20001
	mu[78]	4.557	0.292	0.002383	4.006	4.549	5.152	30000	20001
	mu[79]	4.776	0.3093	0.002505	4.199	4.767	5.412	30000	20001
	mu[80]	4.864	0.3565	0.0029	4.204	4.85	5.6	30000	20001
	mu[81]	4.935	0.3616	0.003007	4.263	4.923	5.683	30000	20001
	mu[82]	4.978	0.3638	0.003102	4.302	4.966	5.726	30000	20001
	mu[83]	4.967	0.361	0.003071	4.289	4.954	5.706	30000	20001
	mu[84]	4.932	0.3619	0.003107	4.259	4.921	5.684	30000	20001
	mu[85]	4.878	0.3542	0.002847	4.219	4.865	5.608	30000	20001
	mu[86]	4.793	0.3083	0.002392	4.213	4.783	5.428	30000	20001
	mu[87]	4.561	0.2921	0.002169	4.018	4.551	5.161	30000	20001
	mu[88]	4.366	0.2833	0.002131	3.842	4.357	4.951	30000	20001
	mu[89]	4.21	0.3064	0.00231	3.646	4.197	4.84	30000	20001
	mu[90]	3.978	0.2909	0.002489	3.434	3.968	4.58	30000	20001
	mu[91]	3.713	0.2696	0.002247	3.211	3.701	4.265	30000	20001
	mu[92]	3.433	0.2192	0.001743	3.024	3.428	3.881	30000	20001
	mu[93]	2.898	0.1846	0.001417	2.552	2.891	3.278	30000	20001
	mu[94]	2.693	0.1688	0.001405	2.377	2.689	3.039	30000	20001
	mu[95]	1.0	0.06418	5.804E-4	0.8786	0.9982	1.13	30000	20001
	mu[96]	1.002	0.06573	5.848E-4	0.8782	0.9996	1.136	30000	20001
	mu[97]	0.9969	0.0645	6.171E-4	0.8772	0.995	1.13	30000	20001
	mu[98]	1.005	0.05974	5.759E-4	0.8932	1.004	1.128	30000	20001
	mu[99]	1.007	0.06029	5.73E-4	0.8945	1.005	1.129	30000	20001
	mu[100]	1.007	0.05995	5.667E-4	0.896	1.006	1.131	30000	20001
	mu[101]	1.004	0.082	7.863E-4	0.8502	1.001	1.174	30000	20001
