	 node	 mean	 sd	 MC error	2.5%	median	97.5%	start	sample
	sd[1]	0.09146	0.004534	5.673E-5	0.08298	0.09133	0.1007	30000	20001
	sd[2]	0.1754	0.02355	1.96E-4	0.1363	0.1731	0.228	30000	20001
	sd[3]	0.1159	0.0157	1.33E-4	0.09021	0.1142	0.1513	30000	20001
	sd[4]	0.1489	0.01985	1.581E-4	0.116	0.1469	0.1938	30000	20001
	sd[5]	0.1507	0.01998	1.708E-4	0.1176	0.1485	0.1959	30000	20001
	sd[6]	0.1223	0.01657	1.405E-4	0.09489	0.1207	0.1596	30000	20001
	sd[7]	0.1622	0.02164	1.754E-4	0.1269	0.16	0.2108	30000	20001
	sd[8]	0.1664	0.02224	1.864E-4	0.1293	0.1638	0.2157	30000	20001
	sd[9]	0.2125	0.029	2.362E-4	0.1652	0.2093	0.2786	30000	20001
	sd[10]	0.6085	0.07997	6.27E-4	0.4767	0.6001	0.7894	30000	20001
	sd[11]	0.7894	0.1056	8.197E-4	0.6156	0.7778	1.03	30000	20001
	sd[12]	0.9532	0.1297	0.001133	0.737	0.9397	1.247	30000	20001
	sd[13]	2.152	0.2861	0.002333	1.681	2.122	2.796	30000	20001
	sd[14]	2.427	0.3243	0.002723	1.893	2.391	3.164	30000	20001
	sd[15]	4.315	0.5741	0.00452	3.366	4.254	5.606	30000	20001
	sd[16]	1.214	0.1678	0.001468	0.9346	1.196	1.59	30000	20001
	sd[17]	1.264	0.1684	0.001306	0.987	1.246	1.64	30000	20001
	sd[18]	0.4276	0.0574	4.718E-4	0.3322	0.4212	0.5577	30000	20001
	sd[19]	0.2353	0.03144	2.633E-4	0.1835	0.2319	0.3058	30000	20001
	sd[20]	0.1775	0.02396	1.899E-4	0.1381	0.1751	0.2308	30000	20001
	sd[21]	0.1873	0.02562	2.3E-4	0.145	0.1844	0.2463	30000	20001
	sd[22]	0.1785	0.02526	2.403E-4	0.1377	0.1754	0.2364	30000	20001
	sd[23]	0.117	0.01838	1.846E-4	0.08904	0.1145	0.159	30000	20001
	sd[24]	0.1647	0.02399	2.385E-4	0.1265	0.1617	0.2197	30000	20001
	sd[25]	0.1376	0.02087	2.222E-4	0.1051	0.1349	0.1857	30000	20001
	sd[26]	0.1343	0.02086	2.208E-4	0.1023	0.1314	0.1823	30000	20001
	sd[27]	0.1616	0.02403	2.415E-4	0.1242	0.1585	0.2166	30000	20001
	sd[28]	0.1435	0.02236	2.273E-4	0.1093	0.1404	0.1966	30000	20001
	sd[29]	0.1531	0.02427	2.491E-4	0.117	0.1497	0.2088	30000	20001
	sd[30]	0.1908	0.0284	2.897E-4	0.1468	0.1871	0.2563	30000	20001
	sd[31]	0.1543	0.02446	2.346E-4	0.1174	0.1511	0.2125	30000	20001
	sd[32]	0.1638	0.02502	2.53E-4	0.1251	0.1605	0.2222	30000	20001
	sd[33]	0.1493	0.02424	2.876E-4	0.1131	0.1459	0.2048	30000	20001
	sd[34]	0.1777	0.02628	2.553E-4	0.1359	0.1744	0.238	30000	20001
	sd[35]	0.1477	0.02403	2.493E-4	0.1115	0.1443	0.2039	30000	20001
	sd[36]	0.1516	0.02306	2.305E-4	0.1163	0.1487	0.2039	30000	20001
	sd[37]	0.1704	0.02539	2.266E-4	0.1305	0.1671	0.2291	30000	20001
	sd[38]	0.1425	0.02219	2.113E-4	0.1082	0.1393	0.1942	30000	20001
	sd[39]	0.1231	0.0197	1.767E-4	0.09329	0.1203	0.169	30000	20001
	sd[40]	0.1668	0.02369	2.212E-4	0.1289	0.1639	0.2204	30000	20001
	sd[41]	0.1601	0.0227	2.214E-4	0.1236	0.1573	0.2126	30000	20001
	sd[42]	0.1365	0.01958	1.758E-4	0.1048	0.1343	0.1804	30000	20001
	sd[43]	0.1385	0.01963	1.656E-4	0.1068	0.1361	0.1831	30000	20001
	sd[44]	0.1737	0.02353	2.026E-4	0.1347	0.1711	0.2271	30000	20001
	sd[45]	0.2364	0.03204	2.677E-4	0.184	0.2331	0.3087	30000	20001
	sd[46]	0.4787	0.06521	4.856E-4	0.3721	0.4718	0.6267	30000	20001
	sd[47]	0.8171	0.1078	8.628E-4	0.6373	0.8046	1.059	30000	20001
	sd[48]	1.013	0.1374	0.00111	0.7856	0.9977	1.321	30000	20001
	sd[49]	2.118	0.2782	0.002025	1.658	2.09	2.743	30000	20001
	sd[50]	1.157	0.1563	0.00162	0.8986	1.142	1.512	30000	20001
	sd[51]	1.013	0.1368	0.00137	0.7872	0.9997	1.325	30000	20001
	sd[52]	0.9399	0.1243	0.001076	0.7333	0.9268	1.218	30000	20001
	sd[53]	0.7376	0.09849	7.891E-4	0.5761	0.7271	0.9582	30000	20001
	sd[54]	0.5205	0.06874	5.936E-4	0.4075	0.5134	0.6757	30000	20001
	sd[55]	0.2331	0.03117	2.719E-4	0.1815	0.23	0.3029	30000	20001
	sd[56]	0.1486	0.01996	1.622E-4	0.1159	0.1466	0.1934	30000	20001
	sd[57]	0.1631	0.0221	1.827E-4	0.1266	0.1607	0.213	30000	20001
	sd[58]	0.1647	0.02237	1.925E-4	0.1282	0.1623	0.2151	30000	20001
	sd[59]	0.1665	0.0224	1.92E-4	0.1296	0.1639	0.2182	30000	20001
	sd[60]	0.1888	0.02545	1.977E-4	0.1469	0.1861	0.2471	30000	20001
	sd[61]	0.1745	0.02367	2.11E-4	0.1354	0.1719	0.2284	30000	20001
	sd[62]	0.1343	0.01781	1.508E-4	0.1052	0.1324	0.1747	30000	20001
	sd[63]	0.1326	0.01778	1.742E-4	0.1036	0.1307	0.172	30000	20001
	sd[64]	497.0	287.4	1.954	23.74	497.9	973.2	30000	20001
	sd[65]	498.2	288.5	2.09	22.9	497.3	975.4	30000	20001
	sd[66]	503.6	286.4	1.88	26.96	505.7	975.6	30000	20001
	sd[67]	500.9	287.7	1.902	26.28	502.8	974.1	30000	20001
	sd[68]	498.7	289.1	1.973	23.17	498.7	975.7	30000	20001
	sd[69]	498.7	289.3	2.304	26.1	499.6	975.6	30000	20001
	sd[70]	499.1	289.0	2.131	25.77	500.7	975.7	30000	20001
	sd[71]	500.7	287.8	2.072	25.48	501.5	973.9	30000	20001
	sd[72]	504.3	289.2	2.243	25.4	505.5	976.7	30000	20001
	sd[73]	499.3	288.7	2.111	24.45	499.0	974.3	30000	20001
	sd[74]	499.3	287.6	2.095	25.54	494.0	972.7	30000	20001
	sd[75]	497.0	288.1	2.104	23.13	494.7	974.7	30000	20001
	sd[76]	497.7	289.3	2.168	26.19	497.1	975.5	30000	20001
	sd[77]	499.8	287.5	2.137	24.59	501.7	975.2	30000	20001
	sd[78]	498.6	289.6	1.967	22.23	497.0	974.9	30000	20001
	sd[79]	501.1	290.2	2.163	24.5	501.0	976.2	30000	20001
	sd[80]	502.2	289.1	2.066	26.35	502.6	975.7	30000	20001
	sd[81]	501.5	288.1	2.076	25.95	503.6	975.8	30000	20001
	sd[82]	501.5	288.7	1.842	25.05	502.0	976.3	30000	20001
	sd[83]	499.4	286.4	2.071	27.2	499.0	974.1	30000	20001
	sd[84]	502.0	288.5	1.962	23.83	505.5	975.5	30000	20001
	sd[85]	498.2	288.4	2.035	26.24	496.6	976.2	30000	20001
	sd[86]	501.0	288.5	2.088	25.7	502.5	973.7	30000	20001
	sd[87]	495.8	289.0	2.177	25.21	492.2	975.9	30000	20001
	sd[88]	501.0	289.7	2.005	24.54	501.4	977.1	30000	20001
	sd[89]	499.2	287.7	2.119	26.14	498.0	974.2	30000	20001
	sd[90]	495.6	288.7	1.858	24.97	494.7	973.5	30000	20001
	sd[91]	497.9	289.8	2.018	24.31	495.6	974.3	30000	20001
	sd[92]	501.0	288.5	2.133	25.22	501.6	976.2	30000	20001
	sd[93]	499.2	289.0	1.908	25.1	498.9	973.5	30000	20001
	sd[94]	500.2	288.1	2.288	25.48	501.9	974.6	30000	20001
	sd[95]	496.2	290.5	1.98	25.51	494.7	974.6	30000	20001
	sd[96]	498.2	289.9	1.996	25.39	499.5	976.4	30000	20001
	sd[97]	499.3	287.5	1.82	25.41	498.2	976.5	30000	20001
	sd[98]	500.3	288.4	1.763	26.7	498.9	975.0	30000	20001
	sd[99]	498.5	287.3	2.306	25.54	494.9	975.3	30000	20001
	sd[100]	499.3	289.8	2.07	24.59	495.9	975.7	30000	20001
	sd[101]	500.6	289.4	2.18	24.23	501.5	974.2	30000	20001
